:⁷

,1111111111 11111· ,11111111 111111 11111. 111111111111111111111111 mmmm

ο111111111,1111111111111111111111, quos oum vulgq ,homjm WMWWW mmmm,
1111111111,1111111111111111111111111111111-1111111111111111111, · 1111,-
1111 11111111 1111 11111111 11111· 11, 1 θ111111111111111111ι1111111,1111111 1111111
1111111111 1111111111. 11 1111111111 11111111 1111111 1111 ,11111111 1111111111 1111111111
1111111111, 11111111, 11111 11111111 1111111- 111 1111 11111111,111111111111·,111111 11111
,11 omma 1111111111 1111111111, 11111111 1111111111 11111111 1111111111111111
1111111111 1111111111 1111111111, 11111111111111 . ι - ·

· 1111111111 11 1111111111 11111111111111111 11111111 11111 1111 11111111. 1111,
..1111 1111 1111111 1111111111· 1111111111 111 11111111 ,1111111111 11 11111· 11111 [Mitis 111-

. ‚⁴ ww, mm. 1111, 11- amm ,1111111111 1111111 1111111 1111111111111111

1111111111,ι111,1111,111·1 1111111111 mamae-sconsam ,111111111111111111 mmo

· 1111111111-111111111111111111111111111111111111,·1·1111111, 111111111111111111·

,41111111111111-1111111111111 1111111111,11ι1·111111111111 111111111111111111
maiqmmmxfltwmmsm 111. 11111111. 11111111 1111111111111111111111 nos
’ 111 1111111111111111111,111111111111 111· 111, 1111111111 Ο,11·1111111,1111,11111ι
111111 15- 11111111 11111111 1111111 11111, 11111. 1111111111 1111111111 mimum 1111111111
11111111111111111,,11111111111111111,·1.11 111111 ,1111111 19 11 11111111111111111111
11111111 111111,11111111111.,11111111111111111 ,1, 1, ,11111 -1111,;1’11111,ε11111.21, 1111 ’
1111111,,1111111..11111111111 11111, 1111 sannae 11· chr.. · 1111 ,1111111111111111
1111111.1111111.1111111.-,1111 111111111111111, 111111 11111111111111111111 1111111111 ,
1111111111111. ,1111111111111111111111111111111111 11111· 1111111111 ,11111111
111111111111111111111111111111111111111111111 111111, ,1111111111 111111111111111111111
1111111111 11111111111111 11111111 11111111111111111111111111111111111,11111-
11111,.,Εο1111 josto ,1111111111111,1111111111111111111111111,1111111,111,.-111111
,1111111111 1111111111111111 1111111111 111111111111111111111111111111111111 1111111111
1111111111 11111111 111 1111111111111 1111111111111 1111111111111111111111111111111
111111111111111111111111’11111111111111, 1111111111 11111111111111111111- ,0111-
11111111111111111,,1111111111 111 1111111 11111111111111111, 111111111111111111 ‘
,1111111111111111111111111111111111 11111111111111111111111 1111111
[11111111111111111111111111 «1111111 1 111111111111111111111-11111111111111111 1111111111
,111111 .11111,1111111111111111,11111 1111111111 1111111 111111111111111, 11111
11111 11111 ,1111111111 11111 ,111111111111111111 1111111111 11111 11111 11111111,
» mis 111111 11111111, 111111 111 ,11 11 1111111111 ,1111111111 1111111111, 11, 9 ,11
111111, qum-tantiam 1111111 1111111111· 11111111, 11111111 1111111111111111, M
«111, 1111111-1111111111111 11111 111111· 11 1111111111 111111111111111111111111111
discordiarum 1111111111111111, 1111111Ιί311. ,11111111111111111111111112111119111· 9⁹91&st
1111111111111111 11111111--111111111111111111 1111119 111111111111111111, neeesse
111111111111111111111 11111,11111111111111111111111,1111,.11111,11111111111111111

 

